plot(myhist)
frac_dratios <- c(0.0501710376282782, 0.230046948356808, 0.4, 0.653846153846154, 0.75, 411764706, 0.878787878787879, 0.904761904761905, 0.96875, 1)
frac_dranges <- c( 0.00013, 0.0051287, 0.0101274, 0.0151261, 0.0201248, 0.0251235, 0.0301222, 0.0351209, 0.0401196, 0.0451183, 0.050117)
myhist <- list(breaks = frac_dranges, counts = frac_dratios, xname="match ratios per frac_d range. Majority host")
class(myhist) <- "histogram"
plot(myhist)
frac_qratios <- c(0.0314510364546104, 0.148351648351648, 0.9, 0.944444444444444, 0.9375, 0.857142857142857, 0.941176470588235, 0.8, 0.8, 0.958333333333333, 0.944444444444444, 1, 0.414285714285714, 0.846153846153846, 1, 0.8, 0.818181818181818, 1, 1, 0.8, 0.833333333333333, 1, 1, 0.652173913043478, 1, 1, 0.833333333333333, 1, 1, 1, 1, 1, 1, 1, 0.75, 1, 1, 1, 1, 1, 1, 0.769230769230769, 1, 1, 1, 1, 1, 1, 0.5, 0.5, 0.724137931034483, 0.666666666666667, 1, 1, 1, 1, 1, 1, 0.956521739130435, 1, 1, 1, 0.846153846153846, 1, 1, 1, 1, 0.9, 1, 1 )
frac_qranges <- c(0.0012, 0.005488, 0.009776, 0.014064, 0.018352, 0.02264, 0.026928, 0.031216, 0.035504, 0.039792, 0.04408, 0.048368, 0.052656, 0.056944, 0.061232, 0.06552, 0.069808, 0.074096, 0.078384, 0.082672, 0.08696, 0.091248, 0.095536, 0.099824, 0.104112, 0.1084, 0.112688, 0.116976, 0.121264, 0.125552, 0.12984, 0.134128, 0.138416, 0.142704, 0.146992, 0.15128, 0.155568, 0.159856, 0.164144, 0.168432, 0.17272, 0.177008, 0.181296, 0.185584, 0.189872, 0.19416, 0.198448, 0.202736, 0.207024, 0.211312, 0.2156, 0.219888, 0.224176, 0.228464, 0.232752, 0.23704, 0.241328, 0.245616, 0.249904, 0.254192, 0.25848, 0.262768, 0.267056, 0.271344, 0.275632, 0.279920000000001, 0.284208000000001, 0.288496000000001, 0.292784000000001, 0.297072000000001, 0.301360000000001, 0.305648000000001, 0.309936000000001, 0.314224000000001, 0.318512000000001, 0.322800000000001, 0.327088000000001, 0.331376000000001, 0.335664000000001, 0.339952000000001, 0.344240000000001, 0.348528000000001, 0.352816000000001, 0.357104000000001, 0.361392000000001, 0.365680000000001, 0.369968000000001, 0.374256000000001, 0.378544000000001, 0.382832000000001, 0.387120000000001, 0.391408000000001, 0.395696000000001, 0.399984000000001, 0.404272000000001, 0.408560000000001, 0.412848000000001, 0.417136000000001, 0.421424000000001, 0.425712000000001, 0.43)
myhist <- list(breaks = frac_qranges, counts = frac_qratios, xname="match ratios per frac_q range. Majority host (100 bins)")
class(myhist) <- "histogram"
plot(myhist)
#-------------------------------------------------------------- frac_d -----------------------------------------------------------------
frac_dratios <- c( 0.0501710376282782, 0.230046948356808, 0.885714285714286, 1, 0.814814814814815, 0.958333333333333, 0.958333333333333, 0.875, 0.91304347826087, 0.909090909090909, 0.875, 1, 0.4, 0.916666666666667, 1, 0.714285714285714, 1, 1, 0.7, 0.5, 1, 0.909090909090909, 0.653846153846154, 0.6, 0.75, 1, 1, 1, 1, 1, 1, 1, 0.75, 1, 1, 0.666666666666667, 1, 1, 0.833333333333333, 0.5, 0.5, 1, 0.823529411764706, 1, 1, 1, 1, 1, 1, 1, 1, 1, 0.878787878787879, 1, 0.904761904761905, 1, 1, 0.96875, 0, 1, 1 )
frac_dranges <- c( 0.00013, 0.0051287, 0.0101274, 0.0151261, 0.0201248, 0.0251235, 0.0301222, 0.0351209, 0.0401196, 0.0451183, 0.050117, 0.0551157, 0.0601144, 0.0651131, 0.0701118, 0.0751105, 0.0801092, 0.0851079, 0.0901066, 0.0951053, 0.100104, 0.1051027, 0.1101014, 0.1151001, 0.1200988, 0.1250975, 0.1300962, 0.1350949, 0.1400936, 0.1450923, 0.150091, 0.1550897, 0.1600884, 0.1650871, 0.1700858, 0.1750845, 0.1800832, 0.1850819, 0.1900806, 0.1950793, 0.200078, 0.2050767, 0.2100754, 0.2150741, 0.2200728, 0.2250715, 0.2300702, 0.2350689, 0.2400676, 0.2450663, 0.250065, 0.2550637, 0.2600624, 0.2650611, 0.2700598, 0.2750585, 0.2800572, 0.2850559, 0.2900546, 0.2950533, 0.300052, 0.3050507, 0.3100494, 0.3150481, 0.3200468, 0.3250455, 0.3300442, 0.3350429, 0.3400416, 0.3450403, 0.350039, 0.3550377, 0.3600364, 0.3650351, 0.3700338, 0.3750325, 0.3800312, 0.3850299, 0.3900286, 0.3950273, 0.400026, 0.405024700000001, 0.410023400000001, 0.415022100000001, 0.420020800000001, 0.425019500000001, 0.430018200000001, 0.435016900000001, 0.440015600000001, 0.445014300000001, 0.450013000000001, 0.455011700000001, 0.460010400000001, 0.465009100000001, 0.470007800000001, 0.475006500000001, 0.480005200000001, 0.485003900000001, 0.490002600000001, 0.495001300000001, 0.5)
myhist <- list(breaks = frac_dranges, counts = frac_dratios, xname="match ratios per frac_d range. Majority host (100 bins)")
class(myhist) <- "histogram"
plot(myhist)
#-------------------------------------------------------------------------------------------------------------------------------------------------------------------------
### GENUS
#-------------------------------------------------------------------------------------------------------------------------------------------------------------------------
#------------------------------------------------------------------------------------------------------------------------------------------------------------------------
#Looking at the first 1 ./readAllHPprophageSUBgenus140407.pl
frac_qratios <- c(0.143010062085207, 0.850931677018634, 0.896551724137931, 0.886792452830189, 0.857142857142857, 0.936170212765957, 1, 1, 1, 0.971428571428571)
frac_qranges <- c(0.0012, 0.05608, 0.11096, 0.16584, 0.22072, 0.2756, 0.33048, 0.38536, 0.44024, 0.49512, 0.55)
myhist <- list(breaks = frac_qranges, counts = frac_qratios, xname="match ratios per frac_q range (GENUS)")
class(myhist) <- "histogram"
plot(myhist)
frac_dratios <- c(0.210844674875783, 0.864864864864865, 0.933333333333333, 0.857142857142857, 0.89041095890411, 0.884615384615385, 1, 1, 0.958333333333333, 1)
frac_dranges <- c(0.00013, 0.051117, 0.102104, 0.153091, 0.204078, 0.255065, 0.306052, 0.357039, 0.408026, 0.459013, 0.51)
myhist <- list(breaks = frac_dranges, counts = frac_dratios, xname="match ratios per frac_d range (GENUS)")
class(myhist) <- "histogram"
plot(myhist)
frac_qratios <- c( 0.0651679717100278, 0.403458213256484, 0.75, 0.714285714285714, 0.8, 0.833333333333333, 0.944444444444444, 0.95, 0.916666666666667, 0.875, 0.866666666666667, 0.857142857142857, 0.674418604651163, 0.884615384615385, 0.769230769230769, 0.956521739130435, 0.916666666666667, 1, 0.84375, 0.863636363636364, 0.941176470588235, 0.8, 0.857142857142857, 0.933333333333333, 0.9375, 0.720930232558139, 0.875, 0.9, 0.833333333333333, 0.785714285714286, 0.909090909090909, 0.69047619047619, 0.8, 1, 0.941176470588235, 0.857142857142857, 1, 1, 0.821428571428571, 1, 1, 1, 1, 1, 0.714285714285714, 1, 1, 1, 1, 1, 1, 0.625, 1, 1, 1, 1, 1, 0.862068965517241, 0.96969696969697, 1, 1 )
frac_qranges <- c( 0.0012, 0.006688, 0.012176, 0.017664, 0.023152, 0.02864, 0.034128, 0.039616, 0.045104, 0.050592, 0.05608, 0.061568, 0.067056, 0.072544, 0.078032, 0.08352, 0.089008, 0.094496, 0.099984, 0.105472, 0.11096, 0.116448, 0.121936, 0.127424, 0.132912, 0.1384, 0.143888, 0.149376, 0.154864, 0.160352, 0.16584, 0.171328, 0.176816, 0.182304, 0.187792, 0.19328, 0.198768, 0.204256, 0.209744, 0.215232, 0.22072, 0.226208, 0.231696, 0.237184, 0.242672, 0.24816, 0.253648, 0.259136, 0.264624, 0.270112, 0.2756, 0.281088, 0.286576, 0.292064, 0.297552, 0.30304, 0.308528, 0.314016, 0.319504, 0.324992, 0.33048, 0.335968, 0.341456, 0.346944, 0.352432, 0.35792, 0.363408, 0.368896, 0.374384, 0.379872, 0.38536, 0.390848, 0.396336, 0.401824, 0.407312, 0.4128, 0.418288, 0.423776, 0.429264, 0.434752, 0.44024, 0.445728, 0.451216, 0.456704, 0.462192, 0.46768, 0.473168, 0.478656, 0.484144, 0.489632, 0.49512, 0.500608, 0.506096, 0.511584, 0.517072, 0.52256, 0.528048, 0.533536, 0.539024, 0.544512, 0.55 )
myhist <- list(breaks = frac_qranges, counts = frac_qratios, xname="match ratios per frac_q range (GENUS)")
class(myhist) <- "histogram"
plot(myhist)
frac_dratios <- c( 0.150524213679481, 0.462686567164179, 0.666666666666667, 0.7, 0.925925925925926, 0.75, 1, 0.9375, 0.909090909090909, 1, 1, 0.826086956521739, 0.65, 0.961538461538462, 1, 0.888888888888889, 0.892857142857143, 0.9375, 0.746268656716418, 0.884615384615385, 0.842105263157895, 0.833333333333333, 0.928571428571429, 0.8, 0.794117647058823, 1, 0.933333333333333, 0.941176470588235, 0.666666666666667, 0.846153846153846, 0.594594594594595, 1, 0.80952380952381, 0.875, 0.857142857142857, 1, 0.72, 1, 1, 1, 1, 1, 0.764705882352941, 1, 1, 1, 1, 1, 0.483870967741935, 1, 1, 0.666666666666667, 1, 1, 0.866666666666667, 1, 1, 1, 1, 1, 1 )
frac_dranges <- c( 0.00013, 0.0052287, 0.0103274, 0.0154261, 0.0205248, 0.0256235, 0.0307222, 0.0358209, 0.0409196, 0.0460183, 0.051117, 0.0562157, 0.0613144, 0.0664131, 0.0715118, 0.0766105, 0.0817092, 0.0868079, 0.0919066, 0.0970053, 0.102104, 0.1072027, 0.1123014, 0.1174001, 0.1224988, 0.1275975, 0.1326962, 0.1377949, 0.1428936, 0.1479923, 0.153091, 0.1581897, 0.1632884, 0.1683871, 0.1734858, 0.1785845, 0.1836832, 0.1887819, 0.1938806, 0.1989793, 0.204078, 0.2091767, 0.2142754, 0.2193741, 0.2244728, 0.2295715, 0.2346702, 0.2397689, 0.2448676, 0.2499663, 0.255065, 0.2601637, 0.2652624, 0.2703611, 0.2754598, 0.2805585, 0.2856572, 0.2907559, 0.2958546, 0.3009533, 0.306052, 0.3111507, 0.3162494, 0.3213481, 0.3264468, 0.3315455, 0.3366442, 0.3417429, 0.3468416, 0.3519403, 0.357039, 0.362137700000001, 0.367236400000001, 0.372335100000001, 0.377433800000001, 0.382532500000001, 0.387631200000001, 0.392729900000001, 0.397828600000001, 0.402927300000001, 0.408026000000001, 0.413124700000001, 0.418223400000001, 0.423322100000001, 0.428420800000001, 0.433519500000001, 0.438618200000001, 0.443716900000001, 0.448815600000001, 0.453914300000001, 0.459013000000001, 0.464111700000001, 0.469210400000001, 0.474309100000001, 0.479407800000001, 0.484506500000001, 0.489605200000001, 0.494703900000001, 0.499802600000001, 0.504901300000001, 0.51 )
myhist <- list(breaks = frac_dranges, counts = frac_dratios, xname="match ratios per frac_d range (GENUS)")
class(myhist) <- "histogram"
plot(myhist)
frac_qratios <- c(0.134741591468417, 0.956310679611651, 0.939024390243902, 0.971428571428571, 1, 0.882352941176471, 0.954545454545455, 1, 1, 1)
frac_qranges <- c(0.0012, 0.04408, 0.08696, 0.12984, 0.17272, 0.2156, 0.25848, 0.30136, 0.34424, 0.38712, 0.43)
myhist <- list(breaks = frac_qranges, counts = frac_qratios, xname="match ratios per frac_q range. Majority host (GENUS)")
class(myhist) <- "histogram"
plot(myhist)
frac_dratios <- c(0.204023572444625, 0.961904761904762, 0.929824561403509, 1, 0.916666666666667, 1, 1, 1, 0, 1)
frac_dranges <- c(0.00013, 0.050117, 0.100104, 0.150091, 0.200078, 0.250065, 0.300052, 0.350039, 0.400026, 0.450013, 0.5)
myhist <- list(breaks = frac_dranges, counts = frac_dratios, xname="match ratios per frac_d range. Majority host (GENUS)")
class(myhist) <- "histogram"
plot(myhist)
frac_qratios <- c( 0.0567462250365319, 0.29305912596401, 0.923076923076923, 0.947368421052632, 0.951219512195122, 0.947368421052632, 1, 0.941176470588235, 0.9, 0.956521739130435, 1, 1, 0.726027397260274, 0.933333333333333, 1, 0.8, 1, 1, 1, 0.875, 0.75, 1, 1, 0.802469135802469, 1, 1, 0.5, 1, 1, 1, 1, 1, 1, 1, 0.787234042553192, 1, 1, 1, 1, 1, 1, 1, 0.795918367346939, 1, 1, 1, 1, 1, 1, 0.5, 1, 0.5, 0.8, 0.8, 1, 1, 1, 1, 1, 1, 1, 0.916666666666667, 1, 1, 1, 0.9375, 1, 1, 1, 1, 0.892857142857143, 1, 1 )
frac_qranges <- c( 0.0012, 0.005488, 0.009776, 0.014064, 0.018352, 0.02264, 0.026928, 0.031216, 0.035504, 0.039792, 0.04408, 0.048368, 0.052656, 0.056944, 0.061232, 0.06552, 0.069808, 0.074096, 0.078384, 0.082672, 0.08696, 0.091248, 0.095536, 0.099824, 0.104112, 0.1084, 0.112688, 0.116976, 0.121264, 0.125552, 0.12984, 0.134128, 0.138416, 0.142704, 0.146992, 0.15128, 0.155568, 0.159856, 0.164144, 0.168432, 0.17272, 0.177008, 0.181296, 0.185584, 0.189872, 0.19416, 0.198448, 0.202736, 0.207024, 0.211312, 0.2156, 0.219888, 0.224176, 0.228464, 0.232752, 0.23704, 0.241328, 0.245616, 0.249904, 0.254192, 0.25848, 0.262768, 0.267056, 0.271344, 0.275632, 0.279920000000001, 0.284208000000001, 0.288496000000001, 0.292784000000001, 0.297072000000001, 0.301360000000001, 0.305648000000001, 0.309936000000001, 0.314224000000001, 0.318512000000001, 0.322800000000001, 0.327088000000001, 0.331376000000001, 0.335664000000001, 0.339952000000001, 0.344240000000001, 0.348528000000001, 0.352816000000001, 0.357104000000001, 0.361392000000001, 0.365680000000001, 0.369968000000001, 0.374256000000001, 0.378544000000001, 0.382832000000001, 0.387120000000001, 0.391408000000001, 0.395696000000001, 0.399984000000001, 0.404272000000001, 0.408560000000001, 0.412848000000001, 0.417136000000001, 0.421424000000001, 0.425712000000001, 0.43 )
myhist <- list(breaks = frac_qranges, counts = frac_qratios, xname="match ratios per frac_q range. Majority host (GENUS)")
class(myhist) <- "histogram"
plot(myhist)
frac_dratios <- c( 0.128193218764515, 0.513157894736842, 0.935483870967742, 0.942857142857143, 0.91304347826087, 1, 1, 1, 0.961538461538462, 1, 0.928571428571429, 1, 0.761363636363636, 1, 1, 0.75, 1, 1, 0.9, 1, 1, 1, 0.833333333333333, 0.841269841269841, 1, 1, 1, 1, 1, 1, 1, 1, 1, 0.82258064516129, 1, 1, 1, 1, 1, 1, 0.5, 0, 1, 1, 0.886363636363636, 1, 1, 1, 1, 1, 1, 1, 1, 0.909090909090909, 1, 1, 1, 1, 0.96969696969697, 0, 0.96551724137931, 1 )
frac_dranges <- c( 0.00013, 0.0051287, 0.0101274, 0.0151261, 0.0201248, 0.0251235, 0.0301222, 0.0351209, 0.0401196, 0.0451183, 0.050117, 0.0551157, 0.0601144, 0.0651131, 0.0701118, 0.0751105, 0.0801092, 0.0851079, 0.0901066, 0.0951053, 0.100104, 0.1051027, 0.1101014, 0.1151001, 0.1200988, 0.1250975, 0.1300962, 0.1350949, 0.1400936, 0.1450923, 0.150091, 0.1550897, 0.1600884, 0.1650871, 0.1700858, 0.1750845, 0.1800832, 0.1850819, 0.1900806, 0.1950793, 0.200078, 0.2050767, 0.2100754, 0.2150741, 0.2200728, 0.2250715, 0.2300702, 0.2350689, 0.2400676, 0.2450663, 0.250065, 0.2550637, 0.2600624, 0.2650611, 0.2700598, 0.2750585, 0.2800572, 0.2850559, 0.2900546, 0.2950533, 0.300052, 0.3050507, 0.3100494, 0.3150481, 0.3200468, 0.3250455, 0.3300442, 0.3350429, 0.3400416, 0.3450403, 0.350039, 0.3550377, 0.3600364, 0.3650351, 0.3700338, 0.3750325, 0.3800312, 0.3850299, 0.3900286, 0.3950273, 0.400026, 0.405024700000001, 0.410023400000001, 0.415022100000001, 0.420020800000001, 0.425019500000001, 0.430018200000001, 0.435016900000001, 0.440015600000001, 0.445014300000001, 0.450013000000001, 0.455011700000001, 0.460010400000001, 0.465009100000001, 0.470007800000001, 0.475006500000001, 0.480005200000001, 0.485003900000001, 0.490002600000001, 0.495001300000001, 0.5 )
myhist <- list(breaks = frac_dranges, counts = frac_dratios, xname="match ratios per frac_d range. Majority host (GENUS)")
class(myhist) <- "histogram"
plot(myhist)
frac_qratios <- c( 0.0567462250365319, 0.29305912596401, 0.923076923076923, 0.947368421052632, 0.951219512195122, 0.947368421052632, 1, 0.941176470588235, 0.9, 0.956521739130435, 1, 1, 0.726027397260274, 0.933333333333333, 1, 0.8, 1, 1, 1, 0.875, 0.75, 1, 1, 0.802469135802469, 1, 1, 0.5, 1, 1, 1, 1, 1, 1, 1, 0.787234042553192, 1, 1, 1, 1, 1, 1, 1, 0.795918367346939, 1, 1, 1, 1, 1, 1, 0.5, 1, 0.5, 0.8, 0.8, 1, 1, 1, 1, 1, 1, 1, 0.916666666666667, 1, 1, 1, 0.9375, 1, 1, 1, 1, 0.892857142857143, 1, 1 )
frac_qranges <- c( 0.0012, 0.005488, 0.009776, 0.014064, 0.018352, 0.02264, 0.026928, 0.031216, 0.035504, 0.039792, 0.04408, 0.048368, 0.052656, 0.056944, 0.061232, 0.06552, 0.069808, 0.074096, 0.078384, 0.082672, 0.08696, 0.091248, 0.095536, 0.099824, 0.104112, 0.1084, 0.112688, 0.116976, 0.121264, 0.125552, 0.12984, 0.134128, 0.138416, 0.142704, 0.146992, 0.15128, 0.155568, 0.159856, 0.164144, 0.168432, 0.17272, 0.177008, 0.181296, 0.185584, 0.189872, 0.19416, 0.198448, 0.202736, 0.207024, 0.211312, 0.2156, 0.219888, 0.224176, 0.228464, 0.232752, 0.23704, 0.241328, 0.245616, 0.249904, 0.254192, 0.25848, 0.262768, 0.267056, 0.271344, 0.275632, 0.279920000000001, 0.284208000000001, 0.288496000000001, 0.292784000000001, 0.297072000000001, 0.301360000000001, 0.305648000000001, 0.309936000000001, 0.314224000000001, 0.318512000000001, 0.322800000000001, 0.327088000000001, 0.331376000000001, 0.335664000000001, 0.339952000000001, 0.344240000000001, 0.348528000000001, 0.352816000000001, 0.357104000000001, 0.361392000000001, 0.365680000000001, 0.369968000000001, 0.374256000000001, 0.378544000000001, 0.382832000000001, 0.387120000000001, 0.391408000000001, 0.395696000000001, 0.399984000000001, 0.404272000000001, 0.408560000000001, 0.412848000000001, 0.417136000000001, 0.421424000000001, 0.425712000000001, 0.43 )
myhist <- list(breaks = frac_qranges, counts = frac_qratios, xname="match ratios per frac_q range. Majority host (GENUS)")
class(myhist) <- "histogram"
plot(myhist)
frac_dratios <- c( 0.128193218764515, 0.513157894736842, 0.935483870967742, 0.942857142857143, 0.91304347826087, 1, 1, 1, 0.961538461538462, 1, 0.928571428571429, 1, 0.761363636363636, 1, 1, 0.75, 1, 1, 0.9, 1, 1, 1, 0.833333333333333, 0.841269841269841, 1, 1, 1, 1, 1, 1, 1, 1, 1, 0.82258064516129, 1, 1, 1, 1, 1, 1, 0.5, 0, 1, 1, 0.886363636363636, 1, 1, 1, 1, 1, 1, 1, 1, 0.909090909090909, 1, 1, 1, 1, 0.96969696969697, 0, 0.96551724137931, 1 )
frac_dranges <- c( 0.00013, 0.0051287, 0.0101274, 0.0151261, 0.0201248, 0.0251235, 0.0301222, 0.0351209, 0.0401196, 0.0451183, 0.050117, 0.0551157, 0.0601144, 0.0651131, 0.0701118, 0.0751105, 0.0801092, 0.0851079, 0.0901066, 0.0951053, 0.100104, 0.1051027, 0.1101014, 0.1151001, 0.1200988, 0.1250975, 0.1300962, 0.1350949, 0.1400936, 0.1450923, 0.150091, 0.1550897, 0.1600884, 0.1650871, 0.1700858, 0.1750845, 0.1800832, 0.1850819, 0.1900806, 0.1950793, 0.200078, 0.2050767, 0.2100754, 0.2150741, 0.2200728, 0.2250715, 0.2300702, 0.2350689, 0.2400676, 0.2450663, 0.250065, 0.2550637, 0.2600624, 0.2650611, 0.2700598, 0.2750585, 0.2800572, 0.2850559, 0.2900546, 0.2950533, 0.300052, 0.3050507, 0.3100494, 0.3150481, 0.3200468, 0.3250455, 0.3300442, 0.3350429, 0.3400416, 0.3450403, 0.350039, 0.3550377, 0.3600364, 0.3650351, 0.3700338, 0.3750325, 0.3800312, 0.3850299, 0.3900286, 0.3950273, 0.400026, 0.405024700000001, 0.410023400000001, 0.415022100000001, 0.420020800000001, 0.425019500000001, 0.430018200000001, 0.435016900000001, 0.440015600000001, 0.445014300000001, 0.450013000000001, 0.455011700000001, 0.460010400000001, 0.465009100000001, 0.470007800000001, 0.475006500000001, 0.480005200000001, 0.485003900000001, 0.490002600000001, 0.495001300000001, 0.5 )
myhist <- list(breaks = frac_dranges, counts = frac_dratios, xname="match ratios per frac_d range. Majority host (GENUS)")
class(myhist) <- "histogram"
plot(myhist)
frac_dratios <- c(0.0501710376282782, 0.230046948356808, 0.4, 0.653846153846154, 0.75, 0.823529411764706, 0.878787878787879, 0.904761904761905, 0.96875, 1)
frac_dranges <- c( 0.00013, 0.0051287, 0.0101274, 0.0151261, 0.0201248, 0.0251235, 0.0301222, 0.0351209, 0.0401196, 0.0451183, 0.050117)
myhist <- list(breaks = frac_dranges, counts = frac_dratios, xname="match ratios per frac_d range. Majority host")
class(myhist) <- "histogram"
plot(myhist)
grid()
frac_qratios <- c(0.0800685078141726, 0.732919254658385, 0.844827586206897, 0.80188679245283, 0.80952380952381, 0.829787234042553, 0.902439024390244, 0.739130434782609, 1, 0.971428571428571)
frac_qranges <- c(0.0012, 0.05608, 0.11096, 0.16584, 0.22072, 0.2756, 0.33048, 0.38536, 0.44024, 0.49512, 0.55)
myhist <- list(breaks = frac_qranges, counts = frac_qratios, xname="match ratios per frac_q range")
class(myhist) <- "histogram"
plot(myhist,xlim=c(0,0.55),ylim=c(0,1))
grid()
plot(myhist,xlim=c(0,0.55),ylim=c(0,1), axes=F)
grid()
axis(1,seq(0,0.55,length=10))
axis(2,seq(0,1,length=10))
grid()
frac_qratios <- c(0.0800685078141726, 0.732919254658385, 0.844827586206897, 0.80188679245283, 0.80952380952381, 0.829787234042553, 0.902439024390244, 0.739130434782609, 1, 0.971428571428571)
frac_qranges <- c(0.0012, 0.05608, 0.11096, 0.16584, 0.22072, 0.2756, 0.33048, 0.38536, 0.44024, 0.49512, 0.55)
myhist <- list(breaks = frac_qranges, counts = frac_qratios, xname="match ratios per frac_q range")
class(myhist) <- "histogram"
plot(myhist,xlim=c(0,0.55),ylim=c(0,1), axes=F)
axis(1,seq(0,0.55,length=10))
axis(2,seq(0,1,length=10))
grid()
axis(2,seq(0,1,length=9))
myhist <- list(breaks = frac_qranges, counts = frac_qratios, xname="match ratios per frac_q range")
class(myhist) <- "histogram"
plot(myhist,xlim=c(0,0.55),ylim=c(0,1), axes=F)
axis(1,seq(0,0.55,length=10))
axis(2,seq(0,1,length=9))
grid()
frac_qratios <- c(0.0800685078141726, 0.732919254658385, 0.844827586206897, 0.80188679245283, 0.80952380952381, 0.829787234042553, 0.902439024390244, 0.739130434782609, 1, 0.971428571428571)
frac_qranges <- c(0.0012, 0.05608, 0.11096, 0.16584, 0.22072, 0.2756, 0.33048, 0.38536, 0.44024, 0.49512, 0.55)
myhist <- list(breaks = frac_qranges, counts = frac_qratios, xname="match ratios per frac_q range")
class(myhist) <- "histogram"
plot(myhist,xlim=c(0,0.55),ylim=c(0,1))
abline()
grid()
abline()
frac_qratios <- c(0.0800685078141726, 0.732919254658385, 0.844827586206897, 0.80188679245283, 0.80952380952381, 0.829787234042553, 0.902439024390244, 0.739130434782609, 1, 0.971428571428571)
frac_qranges <- c(0.0012, 0.05608, 0.11096, 0.16584, 0.22072, 0.2756, 0.33048, 0.38536, 0.44024, 0.49512, 0.55)
myhist <- list(breaks = frac_qranges, counts = frac_qratios, xname="match ratios per frac_q range")
class(myhist) <- "histogram"
plot(myhist,xlim=c(0,0.55),ylim=c(0,1), panel.first=grid())
frac_dratios <- c(0.0783678756476684, 0.743169398907104, 0.885245901639344, 0.824742268041237, 0.833333333333333, 0.75, 0.769230769230769, 0.846153846153846, 0.958333333333333, 0.869565217391304)
frac_dranges <- c(0.00013, 0.051117, 0.102104, 0.153091, 0.204078, 0.255065, 0.306052, 0.357039, 0.408026, 0.459013, 0.51)
myhist <- list(breaks = frac_dranges, counts = frac_dratios, xname="match ratios per frac_d range")
class(myhist) <- "histogram"
plot(myhist, ylim=c(0,1), panel.first=grid())
frac_qratios <- c(0.022733013387219, 0.239193083573487, 0.27906976744186, 0.578125, 0.627906976744186, 0.642857142857143, 0.678571428571429, 0.619047619047619, 0.59375, 0.758620689655172)
frac_qranges <- c(0.0012, 0.006688, 0.012176, 0.017664, 0.023152, 0.02864, 0.034128, 0.039616, 0.045104, 0.050592, 0.05608)
myhist <- list(breaks = frac_qranges, counts = frac_qratios, xname="match ratios per frac_q range (ZOOM)")
class(myhist) <- "histogram"
plot(myhist, ylim=c(0,1), panel.first=grid())
frac_dratios <- c( 0.0429355966050924, 0.253731343283582, 0.27, 0.402985074626866, 0.411764705882353, 0.540540540540541, 0.68, 0.676470588235294, 0.387096774193548, 0.7)
frac_dranges <- c( 0.00013, 0.0052287, 0.0103274, 0.0154261, 0.0205248, 0.0256235, 0.0307222, 0.0358209, 0.0409196, 0.0460183, 0.051117 )
myhist <- list(breaks = frac_dranges, counts = frac_dratios, xname="match ratios per frac_d range (ZOOM)")
class(myhist) <- "histogram"
plot(myhist, ylim=c(0,1), panel.first=grid())
frac_qratios <- c(0.022733013387219, 0.239193083573487, 0.65, 0.5, 0.8, 0.722222222222222, 0.666666666666667, 0.85, 0.833333333333333, 0.75, 0.8, 0.761904761904762, 0.27906976744186, 0.846153846153846, 0.730769230769231, 0.869565217391304, 0.875, 0.941176470588235, 0.578125, 0.818181818181818, 0.823529411764706, 0.733333333333333, 0.714285714285714, 0.8, 0.9375, 0.627906976744186, 0.875, 0.9, 0.75, 0.785714285714286, 0.727272727272727, 0.642857142857143, 0.6, 0.833333333333333, 0.941176470588235, 0.857142857142857, 0.833333333333333, 0.666666666666667, 0.678571428571429, 0.875, 0.888888888888889, 0.857142857142857, 1, 0.857142857142857, 0.619047619047619, 0.625, 0.333333333333333, 1, 1, 0.75, 1, 0.59375, 1, 1, 1, 1, 1, 0.758620689655172, 0.96969696969697, 1, 1)
frac_qranges <- c( 0.0012, 0.006688, 0.012176, 0.017664, 0.023152, 0.02864, 0.034128, 0.039616, 0.045104, 0.050592, 0.05608, 0.061568, 0.067056, 0.072544, 0.078032, 0.08352, 0.089008, 0.094496, 0.099984, 0.105472, 0.11096, 0.116448, 0.121936, 0.127424, 0.132912, 0.1384, 0.143888, 0.149376, 0.154864, 0.160352, 0.16584, 0.171328, 0.176816, 0.182304, 0.187792, 0.19328, 0.198768, 0.204256, 0.209744, 0.215232, 0.22072, 0.226208, 0.231696, 0.237184, 0.242672, 0.24816, 0.253648, 0.259136, 0.264624, 0.270112, 0.2756, 0.281088, 0.286576, 0.292064, 0.297552, 0.30304, 0.308528, 0.314016, 0.319504, 0.324992, 0.33048, 0.335968, 0.341456, 0.346944, 0.352432, 0.35792, 0.363408, 0.368896, 0.374384, 0.379872, 0.38536, 0.390848, 0.396336, 0.401824, 0.407312, 0.4128, 0.418288, 0.423776, 0.429264, 0.434752, 0.44024, 0.445728, 0.451216, 0.456704, 0.462192, 0.46768, 0.473168, 0.478656, 0.484144, 0.489632, 0.49512, 0.500608, 0.506096, 0.511584, 0.517072, 0.52256, 0.528048, 0.533536, 0.539024, 0.544512, 0.55 )
myhist <- list(breaks = frac_qranges, counts = frac_qratios, xname="match ratios per frac_q range (100bins)")
class(myhist) <- "histogram"
plot(myhist, ylim=c(0,1), panel.first=grid())
frac_dratios <- c( 0.0429355966050924, 0.253731343283582, 0.611111111111111, 0.65, 0.703703703703704, 0.6875, 0.666666666666667, 0.75, 0.818181818181818, 0.727272727272727, 0.9, 0.826086956521739, 0.27, 0.961538461538462, 0.956521739130435, 0.814814814814815, 0.785714285714286, 0.9375, 0.402985074626866, 0.846153846153846, 0.842105263157895, 0.833333333333333, 0.857142857142857, 0.733333333333333, 0.411764705882353, 0.8125, 0.8, 0.882352941176471, 0.583333333333333, 0.846153846153846, 0.540540540540541, 0.75, 0.761904761904762, 0.75, 0.571428571428571, 0.75, 0.68, 0.8, 1, 0.8, 0.666666666666667, 0.8, 0.676470588235294, 0.857142857142857, 0.8, 0.8, 0.833333333333333, 1, 0.387096774193548, 1, 1, 0.666666666666667, 1, 1, 0.7, 1, 0.75, 1, 1, 0.722222222222222, 1)
frac_dranges <- c( 0.00013, 0.0052287, 0.0103274, 0.0154261, 0.0205248, 0.0256235, 0.0307222, 0.0358209, 0.0409196, 0.0460183, 0.051117, 0.0562157, 0.0613144, 0.0664131, 0.0715118, 0.0766105, 0.0817092, 0.0868079, 0.0919066, 0.0970053, 0.102104, 0.1072027, 0.1123014, 0.1174001, 0.1224988, 0.1275975, 0.1326962, 0.1377949, 0.1428936, 0.1479923, 0.153091, 0.1581897, 0.1632884, 0.1683871, 0.1734858, 0.1785845, 0.1836832, 0.1887819, 0.1938806, 0.1989793, 0.204078, 0.2091767, 0.2142754, 0.2193741, 0.2244728, 0.2295715, 0.2346702, 0.2397689, 0.2448676, 0.2499663, 0.255065, 0.2601637, 0.2652624, 0.2703611, 0.2754598, 0.2805585, 0.2856572, 0.2907559, 0.2958546, 0.3009533, 0.306052, 0.3111507, 0.3162494, 0.3213481, 0.3264468, 0.3315455, 0.3366442, 0.3417429, 0.3468416, 0.3519403, 0.357039, 0.362137700000001, 0.367236400000001, 0.372335100000001, 0.377433800000001, 0.382532500000001, 0.387631200000001, 0.392729900000001, 0.397828600000001, 0.402927300000001, 0.408026000000001, 0.413124700000001, 0.418223400000001, 0.423322100000001, 0.428420800000001, 0.433519500000001, 0.438618200000001, 0.443716900000001, 0.448815600000001, 0.453914300000001, 0.459013000000001, 0.464111700000001, 0.469210400000001, 0.474309100000001, 0.479407800000001, 0.484506500000001, 0.489605200000001, 0.494703900000001, 0.499802600000001, 0.504901300000001, 0.51 )
myhist <- list(breaks = frac_dranges, counts = frac_dratios, xname="match ratios per frac_d range (100bins)")
class(myhist) <- "histogram"
plot(myhist, panel.first=grid())
frac_qratios <- c(0.0848497239828256, 0.911458333333333, 0.893333333333333, 0.979591836734694, 1, 0.833333333333333, 0.954545454545455, 1, 1, 1)
frac_qranges <- c(0.0012, 0.04408, 0.08696, 0.12984, 0.17272, 0.2156, 0.25848, 0.30136, 0.34424, 0.38712, 0.43)
myhist <- list(breaks = frac_qranges, counts = frac_qratios, xname="match ratios per frac_q range. Majority host")
class(myhist) <- "histogram"
plot(myhist, panel.first=grid())
frac_dratios <- c(0.102678571428571, 0.915422885572139, 0.859649122807018, 0.934782608695652, 0.833333333333333, 1, 1, 1, 0, 1)
frac_dranges <- c(0.00013, 0.050117, 0.100104, 0.150091, 0.200078, 0.250065, 0.300052, 0.350039, 0.400026, 0.450013, 0.5)
myhist <- list(breaks = frac_dranges, counts = frac_dratios, xname="match ratios per frac_d range. Majority host")
class(myhist) <- "histogram"
plot(myhist, panel.first=grid())
frac_qratios <- c(0.0848497239828256, 0.911458333333333, 0.893333333333333, 0.979591836734694, 1, 0.833333333333333, 0.954545454545455, 1, 1, 1)
frac_qranges <- c(0.0012, 0.005488, 0.009776, 0.014064, 0.018352, 0.02264, 0.026928, 0.031216, 0.035504, 0.039792, 0.04408)
myhist <- list(breaks = frac_qranges, counts = frac_qratios, xname="match ratios per frac_q range. Majority host")
class(myhist) <- "histogram"
plot(myhist, panel.first=grid())
frac_dratios <- c(0.0501710376282782, 0.230046948356808, 0.4, 0.653846153846154, 0.75, 0.823529411764706, 0.878787878787879, 0.904761904761905, 0.96875, 1)
frac_dranges <- c( 0.00013, 0.0051287, 0.0101274, 0.0151261, 0.0201248, 0.0251235, 0.0301222, 0.0351209, 0.0401196, 0.0451183, 0.050117)
myhist <- list(breaks = frac_dranges, counts = frac_dratios, xname="match ratios per frac_d range. Majority host")
class(myhist) <- "histogram"
plot(myhist, panel.first=grid())
frac_qratios <- c(0.0314510364546104, 0.148351648351648, 0.9, 0.944444444444444, 0.9375, 0.857142857142857, 0.941176470588235, 0.8, 0.8, 0.958333333333333, 0.944444444444444, 1, 0.414285714285714, 0.846153846153846, 1, 0.8, 0.818181818181818, 1, 1, 0.8, 0.833333333333333, 1, 1, 0.652173913043478, 1, 1, 0.833333333333333, 1, 1, 1, 1, 1, 1, 1, 0.75, 1, 1, 1, 1, 1, 1, 0.769230769230769, 1, 1, 1, 1, 1, 1, 0.5, 0.5, 0.724137931034483, 0.666666666666667, 1, 1, 1, 1, 1, 1, 0.956521739130435, 1, 1, 1, 0.846153846153846, 1, 1, 1, 1, 0.9, 1, 1 )
frac_qranges <- c(0.0012, 0.005488, 0.009776, 0.014064, 0.018352, 0.02264, 0.026928, 0.031216, 0.035504, 0.039792, 0.04408, 0.048368, 0.052656, 0.056944, 0.061232, 0.06552, 0.069808, 0.074096, 0.078384, 0.082672, 0.08696, 0.091248, 0.095536, 0.099824, 0.104112, 0.1084, 0.112688, 0.116976, 0.121264, 0.125552, 0.12984, 0.134128, 0.138416, 0.142704, 0.146992, 0.15128, 0.155568, 0.159856, 0.164144, 0.168432, 0.17272, 0.177008, 0.181296, 0.185584, 0.189872, 0.19416, 0.198448, 0.202736, 0.207024, 0.211312, 0.2156, 0.219888, 0.224176, 0.228464, 0.232752, 0.23704, 0.241328, 0.245616, 0.249904, 0.254192, 0.25848, 0.262768, 0.267056, 0.271344, 0.275632, 0.279920000000001, 0.284208000000001, 0.288496000000001, 0.292784000000001, 0.297072000000001, 0.301360000000001, 0.305648000000001, 0.309936000000001, 0.314224000000001, 0.318512000000001, 0.322800000000001, 0.327088000000001, 0.331376000000001, 0.335664000000001, 0.339952000000001, 0.344240000000001, 0.348528000000001, 0.352816000000001, 0.357104000000001, 0.361392000000001, 0.365680000000001, 0.369968000000001, 0.374256000000001, 0.378544000000001, 0.382832000000001, 0.387120000000001, 0.391408000000001, 0.395696000000001, 0.399984000000001, 0.404272000000001, 0.408560000000001, 0.412848000000001, 0.417136000000001, 0.421424000000001, 0.425712000000001, 0.43)
myhist <- list(breaks = frac_qranges, counts = frac_qratios, xname="match ratios per frac_q range. Majority host (100 bins)")
class(myhist) <- "histogram"
plot(myhist, panel.first=grid())
frac_dratios <- c( 0.0501710376282782, 0.230046948356808, 0.885714285714286, 1, 0.814814814814815, 0.958333333333333, 0.958333333333333, 0.875, 0.91304347826087, 0.909090909090909, 0.875, 1, 0.4, 0.916666666666667, 1, 0.714285714285714, 1, 1, 0.7, 0.5, 1, 0.909090909090909, 0.653846153846154, 0.6, 0.75, 1, 1, 1, 1, 1, 1, 1, 0.75, 1, 1, 0.666666666666667, 1, 1, 0.833333333333333, 0.5, 0.5, 1, 0.823529411764706, 1, 1, 1, 1, 1, 1, 1, 1, 1, 0.878787878787879, 1, 0.904761904761905, 1, 1, 0.96875, 0, 1, 1 )
frac_dranges <- c( 0.00013, 0.0051287, 0.0101274, 0.0151261, 0.0201248, 0.0251235, 0.0301222, 0.0351209, 0.0401196, 0.0451183, 0.050117, 0.0551157, 0.0601144, 0.0651131, 0.0701118, 0.0751105, 0.0801092, 0.0851079, 0.0901066, 0.0951053, 0.100104, 0.1051027, 0.1101014, 0.1151001, 0.1200988, 0.1250975, 0.1300962, 0.1350949, 0.1400936, 0.1450923, 0.150091, 0.1550897, 0.1600884, 0.1650871, 0.1700858, 0.1750845, 0.1800832, 0.1850819, 0.1900806, 0.1950793, 0.200078, 0.2050767, 0.2100754, 0.2150741, 0.2200728, 0.2250715, 0.2300702, 0.2350689, 0.2400676, 0.2450663, 0.250065, 0.2550637, 0.2600624, 0.2650611, 0.2700598, 0.2750585, 0.2800572, 0.2850559, 0.2900546, 0.2950533, 0.300052, 0.3050507, 0.3100494, 0.3150481, 0.3200468, 0.3250455, 0.3300442, 0.3350429, 0.3400416, 0.3450403, 0.350039, 0.3550377, 0.3600364, 0.3650351, 0.3700338, 0.3750325, 0.3800312, 0.3850299, 0.3900286, 0.3950273, 0.400026, 0.405024700000001, 0.410023400000001, 0.415022100000001, 0.420020800000001, 0.425019500000001, 0.430018200000001, 0.435016900000001, 0.440015600000001, 0.445014300000001, 0.450013000000001, 0.455011700000001, 0.460010400000001, 0.465009100000001, 0.470007800000001, 0.475006500000001, 0.480005200000001, 0.485003900000001, 0.490002600000001, 0.495001300000001, 0.5)
myhist <- list(breaks = frac_dranges, counts = frac_dratios, xname="match ratios per frac_d range. Majority host (100 bins)")
class(myhist) <- "histogram"
plot(myhist, panel.first=grid())
frac_qratios <- c(0.143010062085207, 0.850931677018634, 0.896551724137931, 0.886792452830189, 0.857142857142857, 0.936170212765957, 1, 1, 1, 0.971428571428571)
frac_qranges <- c(0.0012, 0.05608, 0.11096, 0.16584, 0.22072, 0.2756, 0.33048, 0.38536, 0.44024, 0.49512, 0.55)
myhist <- list(breaks = frac_qranges, counts = frac_qratios, xname="match ratios per frac_q range (GENUS)")
class(myhist) <- "histogram"
plot(myhist, panel.first=grid())
frac_dratios <- c(0.210844674875783, 0.864864864864865, 0.933333333333333, 0.857142857142857, 0.89041095890411, 0.884615384615385, 1, 1, 0.958333333333333, 1)
frac_dranges <- c(0.00013, 0.051117, 0.102104, 0.153091, 0.204078, 0.255065, 0.306052, 0.357039, 0.408026, 0.459013, 0.51)
myhist <- list(breaks = frac_dranges, counts = frac_dratios, xname="match ratios per frac_d range (GENUS)")
class(myhist) <- "histogram"
plot(myhist, panel.first=grid())
frac_qratios <- c( 0.0651679717100278, 0.403458213256484, 0.75, 0.714285714285714, 0.8, 0.833333333333333, 0.944444444444444, 0.95, 0.916666666666667, 0.875, 0.866666666666667, 0.857142857142857, 0.674418604651163, 0.884615384615385, 0.769230769230769, 0.956521739130435, 0.916666666666667, 1, 0.84375, 0.863636363636364, 0.941176470588235, 0.8, 0.857142857142857, 0.933333333333333, 0.9375, 0.720930232558139, 0.875, 0.9, 0.833333333333333, 0.785714285714286, 0.909090909090909, 0.69047619047619, 0.8, 1, 0.941176470588235, 0.857142857142857, 1, 1, 0.821428571428571, 1, 1, 1, 1, 1, 0.714285714285714, 1, 1, 1, 1, 1, 1, 0.625, 1, 1, 1, 1, 1, 0.862068965517241, 0.96969696969697, 1, 1 )
frac_qranges <- c( 0.0012, 0.006688, 0.012176, 0.017664, 0.023152, 0.02864, 0.034128, 0.039616, 0.045104, 0.050592, 0.05608, 0.061568, 0.067056, 0.072544, 0.078032, 0.08352, 0.089008, 0.094496, 0.099984, 0.105472, 0.11096, 0.116448, 0.121936, 0.127424, 0.132912, 0.1384, 0.143888, 0.149376, 0.154864, 0.160352, 0.16584, 0.171328, 0.176816, 0.182304, 0.187792, 0.19328, 0.198768, 0.204256, 0.209744, 0.215232, 0.22072, 0.226208, 0.231696, 0.237184, 0.242672, 0.24816, 0.253648, 0.259136, 0.264624, 0.270112, 0.2756, 0.281088, 0.286576, 0.292064, 0.297552, 0.30304, 0.308528, 0.314016, 0.319504, 0.324992, 0.33048, 0.335968, 0.341456, 0.346944, 0.352432, 0.35792, 0.363408, 0.368896, 0.374384, 0.379872, 0.38536, 0.390848, 0.396336, 0.401824, 0.407312, 0.4128, 0.418288, 0.423776, 0.429264, 0.434752, 0.44024, 0.445728, 0.451216, 0.456704, 0.462192, 0.46768, 0.473168, 0.478656, 0.484144, 0.489632, 0.49512, 0.500608, 0.506096, 0.511584, 0.517072, 0.52256, 0.528048, 0.533536, 0.539024, 0.544512, 0.55 )
myhist <- list(breaks = frac_qranges, counts = frac_qratios, xname="match ratios per frac_q range (GENUS)")
class(myhist) <- "histogram"
plot(myhist, panel.first=grid())
frac_dratios <- c( 0.150524213679481, 0.462686567164179, 0.666666666666667, 0.7, 0.925925925925926, 0.75, 1, 0.9375, 0.909090909090909, 1, 1, 0.826086956521739, 0.65, 0.961538461538462, 1, 0.888888888888889, 0.892857142857143, 0.9375, 0.746268656716418, 0.884615384615385, 0.842105263157895, 0.833333333333333, 0.928571428571429, 0.8, 0.794117647058823, 1, 0.933333333333333, 0.941176470588235, 0.666666666666667, 0.846153846153846, 0.594594594594595, 1, 0.80952380952381, 0.875, 0.857142857142857, 1, 0.72, 1, 1, 1, 1, 1, 0.764705882352941, 1, 1, 1, 1, 1, 0.483870967741935, 1, 1, 0.666666666666667, 1, 1, 0.866666666666667, 1, 1, 1, 1, 1, 1 )
frac_dranges <- c( 0.00013, 0.0052287, 0.0103274, 0.0154261, 0.0205248, 0.0256235, 0.0307222, 0.0358209, 0.0409196, 0.0460183, 0.051117, 0.0562157, 0.0613144, 0.0664131, 0.0715118, 0.0766105, 0.0817092, 0.0868079, 0.0919066, 0.0970053, 0.102104, 0.1072027, 0.1123014, 0.1174001, 0.1224988, 0.1275975, 0.1326962, 0.1377949, 0.1428936, 0.1479923, 0.153091, 0.1581897, 0.1632884, 0.1683871, 0.1734858, 0.1785845, 0.1836832, 0.1887819, 0.1938806, 0.1989793, 0.204078, 0.2091767, 0.2142754, 0.2193741, 0.2244728, 0.2295715, 0.2346702, 0.2397689, 0.2448676, 0.2499663, 0.255065, 0.2601637, 0.2652624, 0.2703611, 0.2754598, 0.2805585, 0.2856572, 0.2907559, 0.2958546, 0.3009533, 0.306052, 0.3111507, 0.3162494, 0.3213481, 0.3264468, 0.3315455, 0.3366442, 0.3417429, 0.3468416, 0.3519403, 0.357039, 0.362137700000001, 0.367236400000001, 0.372335100000001, 0.377433800000001, 0.382532500000001, 0.387631200000001, 0.392729900000001, 0.397828600000001, 0.402927300000001, 0.408026000000001, 0.413124700000001, 0.418223400000001, 0.423322100000001, 0.428420800000001, 0.433519500000001, 0.438618200000001, 0.443716900000001, 0.448815600000001, 0.453914300000001, 0.459013000000001, 0.464111700000001, 0.469210400000001, 0.474309100000001, 0.479407800000001, 0.484506500000001, 0.489605200000001, 0.494703900000001, 0.499802600000001, 0.504901300000001, 0.51 )
myhist <- list(breaks = frac_dranges, counts = frac_dratios, xname="match ratios per frac_d range (GENUS)")
class(myhist) <- "histogram"
plot(myhist, panel.first=grid())
frac_qratios <- c(0.134741591468417, 0.956310679611651, 0.939024390243902, 0.971428571428571, 1, 0.882352941176471, 0.954545454545455, 1, 1, 1)
frac_qranges <- c(0.0012, 0.04408, 0.08696, 0.12984, 0.17272, 0.2156, 0.25848, 0.30136, 0.34424, 0.38712, 0.43)
myhist <- list(breaks = frac_qranges, counts = frac_qratios, xname="match ratios per frac_q range. Majority host (GENUS)")
class(myhist) <- "histogram"
plot(myhist, panel.first=grid())
frac_dratios <- c(0.204023572444625, 0.961904761904762, 0.929824561403509, 1, 0.916666666666667, 1, 1, 1, 0, 1)
frac_dranges <- c(0.00013, 0.050117, 0.100104, 0.150091, 0.200078, 0.250065, 0.300052, 0.350039, 0.400026, 0.450013, 0.5)
myhist <- list(breaks = frac_dranges, counts = frac_dratios, xname="match ratios per frac_d range. Majority host (GENUS)")
class(myhist) <- "histogram"
plot(myhist, panel.first=grid())
frac_qratios <- c( 0.0567462250365319, 0.29305912596401, 0.923076923076923, 0.947368421052632, 0.951219512195122, 0.947368421052632, 1, 0.941176470588235, 0.9, 0.956521739130435, 1, 1, 0.726027397260274, 0.933333333333333, 1, 0.8, 1, 1, 1, 0.875, 0.75, 1, 1, 0.802469135802469, 1, 1, 0.5, 1, 1, 1, 1, 1, 1, 1, 0.787234042553192, 1, 1, 1, 1, 1, 1, 1, 0.795918367346939, 1, 1, 1, 1, 1, 1, 0.5, 1, 0.5, 0.8, 0.8, 1, 1, 1, 1, 1, 1, 1, 0.916666666666667, 1, 1, 1, 0.9375, 1, 1, 1, 1, 0.892857142857143, 1, 1 )
frac_qranges <- c( 0.0012, 0.005488, 0.009776, 0.014064, 0.018352, 0.02264, 0.026928, 0.031216, 0.035504, 0.039792, 0.04408, 0.048368, 0.052656, 0.056944, 0.061232, 0.06552, 0.069808, 0.074096, 0.078384, 0.082672, 0.08696, 0.091248, 0.095536, 0.099824, 0.104112, 0.1084, 0.112688, 0.116976, 0.121264, 0.125552, 0.12984, 0.134128, 0.138416, 0.142704, 0.146992, 0.15128, 0.155568, 0.159856, 0.164144, 0.168432, 0.17272, 0.177008, 0.181296, 0.185584, 0.189872, 0.19416, 0.198448, 0.202736, 0.207024, 0.211312, 0.2156, 0.219888, 0.224176, 0.228464, 0.232752, 0.23704, 0.241328, 0.245616, 0.249904, 0.254192, 0.25848, 0.262768, 0.267056, 0.271344, 0.275632, 0.279920000000001, 0.284208000000001, 0.288496000000001, 0.292784000000001, 0.297072000000001, 0.301360000000001, 0.305648000000001, 0.309936000000001, 0.314224000000001, 0.318512000000001, 0.322800000000001, 0.327088000000001, 0.331376000000001, 0.335664000000001, 0.339952000000001, 0.344240000000001, 0.348528000000001, 0.352816000000001, 0.357104000000001, 0.361392000000001, 0.365680000000001, 0.369968000000001, 0.374256000000001, 0.378544000000001, 0.382832000000001, 0.387120000000001, 0.391408000000001, 0.395696000000001, 0.399984000000001, 0.404272000000001, 0.408560000000001, 0.412848000000001, 0.417136000000001, 0.421424000000001, 0.425712000000001, 0.43 )
myhist <- list(breaks = frac_qranges, counts = frac_qratios, xname="match ratios per frac_q range. Majority host (GENUS)")
class(myhist) <- "histogram"
plot(myhist, panel.first=grid())
frac_dratios <- c( 0.128193218764515, 0.513157894736842, 0.935483870967742, 0.942857142857143, 0.91304347826087, 1, 1, 1, 0.961538461538462, 1, 0.928571428571429, 1, 0.761363636363636, 1, 1, 0.75, 1, 1, 0.9, 1, 1, 1, 0.833333333333333, 0.841269841269841, 1, 1, 1, 1, 1, 1, 1, 1, 1, 0.82258064516129, 1, 1, 1, 1, 1, 1, 0.5, 0, 1, 1, 0.886363636363636, 1, 1, 1, 1, 1, 1, 1, 1, 0.909090909090909, 1, 1, 1, 1, 0.96969696969697, 0, 0.96551724137931, 1 )
frac_dranges <- c( 0.00013, 0.0051287, 0.0101274, 0.0151261, 0.0201248, 0.0251235, 0.0301222, 0.0351209, 0.0401196, 0.0451183, 0.050117, 0.0551157, 0.0601144, 0.0651131, 0.0701118, 0.0751105, 0.0801092, 0.0851079, 0.0901066, 0.0951053, 0.100104, 0.1051027, 0.1101014, 0.1151001, 0.1200988, 0.1250975, 0.1300962, 0.1350949, 0.1400936, 0.1450923, 0.150091, 0.1550897, 0.1600884, 0.1650871, 0.1700858, 0.1750845, 0.1800832, 0.1850819, 0.1900806, 0.1950793, 0.200078, 0.2050767, 0.2100754, 0.2150741, 0.2200728, 0.2250715, 0.2300702, 0.2350689, 0.2400676, 0.2450663, 0.250065, 0.2550637, 0.2600624, 0.2650611, 0.2700598, 0.2750585, 0.2800572, 0.2850559, 0.2900546, 0.2950533, 0.300052, 0.3050507, 0.3100494, 0.3150481, 0.3200468, 0.3250455, 0.3300442, 0.3350429, 0.3400416, 0.3450403, 0.350039, 0.3550377, 0.3600364, 0.3650351, 0.3700338, 0.3750325, 0.3800312, 0.3850299, 0.3900286, 0.3950273, 0.400026, 0.405024700000001, 0.410023400000001, 0.415022100000001, 0.420020800000001, 0.425019500000001, 0.430018200000001, 0.435016900000001, 0.440015600000001, 0.445014300000001, 0.450013000000001, 0.455011700000001, 0.460010400000001, 0.465009100000001, 0.470007800000001, 0.475006500000001, 0.480005200000001, 0.485003900000001, 0.490002600000001, 0.495001300000001, 0.5 )
myhist <- list(breaks = frac_dranges, counts = frac_dratios, xname="match ratios per frac_d range. Majority host (GENUS)")
class(myhist) <- "histogram"
plot(myhist, panel.first=grid())
FW <- 8
C <- 8
mean_log_FW <- 6 #(log parts per volume)
mean_log_C <- 4 #for the control subjects.
s2_FW <- 3
s2_C <- 5
s_p = sqrt(s2_FW/2 + s2_C/2)
#Assuming equal variances, create a 95% confidence interval
#for the difference in the population means of log blood lead concentration
#between factory workers and controls (Factory works - Controls).
df <- FW + C -2
qt(.975, df=df)
mean_log_FW - mean_log_C + c(-1, 1) * qt(.975, df=df) * s_p * sqrt(1 / FW + 1 / C)
table(apply(temp, 1, median))
B <- 1000
a <- c(1, 3, 7)
n <- length(c)
#draw with replacement B times. B rows and n columns
resamples <- table(sample(c, n * B, replace = TRUE),B, n)
resamples <- table(sample(a, n * B, replace = TRUE),B, n)
B <- 1000
a <- c(1, 3, 7)
n <- length(a)
#draw with replacement B times. B rows and n columns
resamples <- table(sample(a, n * B, replace = TRUE),B, n)
?table
B <- 1000
a <- c(1, 3, 7)
n <- length(a)
#draw with replacement B times. B rows and n columns
resamples <- matrix(sample(a,
n * B,
replace = TRUE),
B, n)
medians <- apply(resamples, 1, median)
resamples <- table(sample(a,
n * B,
replace = TRUE),
B, n)
B <- 1000
a <- c(1, 3, 7)
n <- length(a)
#draw with replacement B times. B rows and n columns
resamples <- matrix(sample(a,
n * B,
replace = TRUE),
B, n)
medians <- apply(resamples, 1, median)
medians
B <- 27
a <- c(1, 3, 7)
n <- length(a)
#draw with replacement B times. B rows and n columns
resamples <- matrix(sample(a,
n * B,
replace = TRUE),
B, n)
medians <- apply(resamples, 1, median)
median
medians
medians == 1
length(medians == 1)
length(medians == 1)
a<-medians == 1
length(a==T)
length(a!=T)
B <- 3^3 #possible resamples
a <- c(1, 3, 7)
n <- length(a)
#draw with replacement B times. B rows and n columns
resamples <- matrix(sample(a,
n * B,
replace = TRUE),
B, n)
medians <- apply(resamples, 1, median)
sd(medians)
quantile(medians, c(.025, .975))
medians
B <- 3^3 #possible resamples
a <- c(1, 3, 7)
n <- length(a)
#draw with replacement B times. B rows and n columns
resamples <- matrix(sample(a,
n * B,
replace = TRUE),
B, n)
medians <- apply(resamples, 1, median)
medians
sd(medians)
#bootstrap CI for the median. Conducted in a non parametric way
quantile(medians, c(.025, .975))
?ttest
?t.test
data(sleep)
g1 <- sleep$extra[1 : 10]
g2 <- sleep$extra[11 : 20]
difference <- g2 - g1
mn <- mean(difference) #[1] 1.58
s <- sd(difference) #[1] 1.229995
n <- 10
##Confidence interval
#qt= t quantile
mn + c(-1, 1) * qt(.975, n - 1) * s / sqrt(n) #[1] 0.7001142 2.4598858
#easiest way
t.test(difference)$conf.int
men <- 9
sample_mean <- 1100
sample_sd <- 30
#What is the 95% Student's Tconfidence interval for the mean in the pop
t.test(mu = sample_mean, conf.level = 0.95)$conf.int
t.test(9, conf.level = 0.95)$conf.int
library(MASS)
?mvrnorm
mvrnorm(n = 9, mu = 1100, Sigma = 30, empirical = TRUE)
t.te
?t.test
t.test(sample_distr, conf.level = 0.95)$conf.int
sample_distr <- mvrnorm(n = 9, mu = 1100, Sigma = 30, empirical = TRUE)
t.test(sample_distr, conf.level = 0.95)$conf.int
sample_distr <- mvrnorm(n = 9, mu = 1100, Sigma = 30, empirical = TRUE)
t.test(sample_distr, conf.level = 0.95)$conf.int
sample_distr <- mvrnorm(n = 9, mu = -2, Sigma = 3, empirical = TRUE)
t.test(sample_distr, conf.level = 0.95)$conf.int
sample_distr <- mvrnorm(n = 9, mu = -2, Sigma = , empirical = TRUE)
sample_distr <- mvrnorm(n = 9, mu = -2, Sigma = 2, empirical = TRUE)
t.test(sample_distr, conf.level = 0.95)$conf.int
n <- 9
mn <- -2
sample_distr <- mvrnorm(n = 9, mu = -2, Sigma = 2.9, empirical = TRUE)
t.test(sample_distr, conf.level = 0.95)$conf.int
sample_distr <- mvrnorm(n = 9, mu = -2, Sigma = 5, empirical = TRUE)
t.test(sample_distr, conf.level = 0.95)$conf.int
sample_distr <- mvrnorm(n = 9, mu = -2, Sigma = 10, empirical = TRUE)
t.test(sample_distr, conf.level = 0.95)$conf.int
n <- 9
mn <- -2
sample_distr <- mvrnorm(n = 9, mu = -2, Sigma = 3, empirical = TRUE)
t.test(sample_distr, conf.level = 0.95)$conf.int
sample_distr <- mvrnorm(n = 9, mu = -2, Sigma = 32, empirical = TRUE)
t.test(sample_distr, conf.level = 0.95)$conf.int
sample_distr <- mvrnorm(n = 9, mu = -2, Sigma = 2, empirical = TRUE)
t.test(sample_distr, conf.level = 0.95)$conf.int
sample_distr <- mvrnorm(n = 9, mu = -2, Sigma = 2.9, empirical = TRUE)
t.test(sample_distr, conf.level = 0.95)$conf.int
sample_distr <- mvrnorm(n = 9, mu = -2, Sigma = 3, empirical = TRUE)
t.test(sample_distr, conf.level = 0.95)$conf.int
mn_1 <- 3
s2_1 <- .6
sample1 <- mvrnorm(n = 10, mu = mn_1, Sigma = s2_1, empirical = TRUE)
mn_2 <- 5
s2_2 <- .68
sample2 <- mvrnorm(n = 10, mu = mn_2, Sigma = s2_2, empirical = TRUE)
difference <- sample2 -sample1
mn <- mean(difference) #[1] 1.58
s <- sd(difference) #[1] 1.229995
n <- 10
##Confidence interval
#qt= t quantile
mn + c(-1, 1) * qt(.975, n - 1) * s / sqrt(n) #[1] 0.7001142 2.4598858
t.test(difference)$conf.int
B <- 2^2 #possible resamples
a <- c(1, 3)
n <- length(a)
#draw with replacement B times. B rows and n columns
resamples <- matrix(sample(a,
n * B,
replace = TRUE),
B, n)
medians <- apply(resamples, 1, median)
medians
medians
resamples <- matrix(sample(a,
n * B,
replace = TRUE),
B, n)
medians <- apply(resamples, 1, median)
medians <- apply(resamples, 1, median)
medians
resamples <- matrix(sample(a,
n * B,
replace = TRUE),
B, n)
medians <- apply(resamples, 1, median)
medians
resamples <- matrix(sample(a,
n * B,
replace = TRUE),
B, n)
medians <- apply(resamples, 1, median)
medians
resamples <- matrix(sample(a,
n * B,
replace = TRUE),
B, n)
medians <- apply(resamples, 1, median)
medians
resamples <- matrix(sample(a,
n * B,
replace = TRUE),
B, n)
medians <- apply(resamples, 1, median)
medians
resamples <- matrix(sample(a,
n * B,
replace = TRUE),
B, n)
medians <- apply(resamples, 1, median)
medians
resamples <- matrix(sample(a,
n * B,
replace = TRUE),
B, n)
medians <- apply(resamples, 1, median)
medians
resamples <- matrix(sample(a,
n * B,
replace = TRUE),
B, n)
medians <- apply(resamples, 1, median)
medians
resamples <- matrix(sample(a,
n * B,
replace = TRUE),
B, n)
medians <- apply(resamples, 1, median)
medians
resamples <- matrix(sample(a,
n * B,
replace = TRUE),
B, n)
medians <- apply(resamples, 1, median)
medians
?qqplot
n <- 9
mn <- -2
sample_distr <- mvrnorm(n = 9, mu = -2, Sigma = 3, empirical = TRUE)
t.test(sample_distr, conf.level = 0.95)$conf.int
mn + c(-1, 1) * qt(.975, n - 1) * s / sqrt(n)
s <- 3
mn + c(-1, 1) * qt(.975, n - 1) * s / sqrt(n)
s <- 2
mn + c(-1, 1) * qt(.975, n - 1) * s / sqrt(n)
n <- 9
mn <- -2
#sample_distr <- mvrnorm(n = 9, mu = -2, Sigma = 3, empirical = TRUE)
#t.test(sample_distr, conf.level = 0.95)$conf.int
s <- 2
mn + c(-1, 1) * qt(.975, n - 1) * s / sqrt(n)
s <- 2.9
mn + c(-1, 1) * qt(.975, n - 1) * s / sqrt(n)
s <- 2.1
mn + c(-1, 1) * qt(.975, n - 1) * s / sqrt(n)
s <- 2.7
mn + c(-1, 1) * qt(.975, n - 1) * s / sqrt(n)
s <- 2.6
mn + c(-1, 1) * qt(.975, n - 1) * s / sqrt(n)
s <- 2.7
mn + c(-1, 1) * qt(.975, n - 1) * s / sqrt(n)
s <- 2.6
mn + c(-1, 1) * qt(.975, n - 1) * s / sqrt(n)
n <- 9
mn <- 1100
s <- 30
mn + c(-1, 1) * qt(.975, n - 1) * s / sqrt(n)
library(binom)
install.package("binom")
install.packages("binom")
library(binom)
binom.bayes(13, 20, type = "highest")
?binom.bayes
n <- 100
#people with the condition
x <- 43
#Beta prior with α and β both being .5
#posterior mean closest to?
library(binom)
binom.bayes(x, n, type = "highest")
?lognormal
??lognormal
n <- 10
x <- 4
binom.bayes(x, n, type = "highest", prior.shape1 = 10, prior.shape2 = 10)
source('~/Google Drive/PhD/Courses/Introducion to Machine Learning and Data Mining /ToolBox/02450Toolbox_R/Scripts/ex3_2_2.R')
setwd("~/Google Drive/PhD/Courses/Introducion to Machine Learning and Data Mining /ToolBox")
source('~/Google Drive/PhD/Courses/Introducion to Machine Learning and Data Mining /ToolBox/02450Toolbox_R/Scripts/ex3_2_2.R')
setwd("~/Google Drive/PhD/Courses/Introducion to Machine Learning and Data Mining /ToolBox/02450Toolbox_R")
source('~/Google Drive/PhD/Courses/Introducion to Machine Learning and Data Mining /ToolBox/02450Toolbox_R/Scripts/ex3_2_2.R')
getwd()
setwd("~/Google Drive/PhD/Courses/Introducion to Machine Learning and Data Mining /ToolBox/02450Toolbox_R/Tools")
source('~/Google Drive/PhD/Courses/Introducion to Machine Learning and Data Mining /ToolBox/02450Toolbox_R/Scripts/ex3_2_2.R')
source('~/Google Drive/PhD/Courses/Introducion to Machine Learning and Data Mining /ToolBox/02450Toolbox_R/Scripts/ex3_2_2.R')
source('~/Google Drive/PhD/Courses/Introducion to Machine Learning and Data Mining /ToolBox/02450Toolbox_R/Scripts/ex3_2_2.R')
source('~/Google Drive/PhD/Courses/Introducion to Machine Learning and Data Mining /ToolBox/02450Toolbox_R/Scripts/ex3_2_2.R')
source('~/Google Drive/PhD/Courses/Introducion to Machine Learning and Data Mining /ToolBox/02450Toolbox_R/Scripts/ex3_2_2.R')
similarity(x,y,'cos') - similarity(a*x,y,'cos')
similarity(x,y,'ext') - similarity(a*x,y,'ext')
similarity(x,y,'cor') - similarity(a*x,y,'cor')
similarity(x,y,'cos') - similarity(b+x,y,'cos')
similarity(x,y,'ext') - similarity(b+x,y,'ext')
similarity(x,y,'cor') - similarity(b+x,y,'cor')
